74|1 142|33 74|67 7|33 142|128 74|162 7|128 73|36
222|1 290|33 222|67 155|33 290|128 222|162 155|128 221|36
370|1 438|33 370|67 303|33 438|128 370|162 303|128 369|36
518|1 586|33 518|67 451|33 586|128 518|162 451|128 517|36
666|1 734|33 666|67 599|33 734|128 666|162 599|128 665|36
814|1 882|33 814|67 747|33 882|128 814|162 747|128 813|36
74|165 142|197 74|231 7|197 142|292 74|326 7|292 73|200
222|165 290|197 222|231 155|197 290|292 222|326 155|292 221|200
370|165 438|197 370|231 303|197 438|292 370|326 303|292 369|200
518|165 586|197 518|231 451|197 586|292 518|326 451|292 517|200
666|165 734|197 666|231 599|197 734|292 666|326 599|292 665|200
814|165 882|197 814|231 747|197 882|292 814|326 747|292 813|200
74|329 142|361 74|395 7|361 142|456 74|490 7|456 73|364
222|329 290|361 222|395 155|361 290|456 222|490 155|456 221|364
370|329 438|361 370|395 303|361 438|456 370|490 303|456 369|364
518|329 586|361 518|395 451|361 586|456 518|490 451|456 517|364
666|329 734|361 666|395 599|361 734|456 666|490 599|456 665|364
814|329 882|361 814|395 747|361 882|456 814|490 747|456 813|364
74|493 142|525 74|559 7|525 142|620 74|654 7|620 73|528
222|493 290|525 222|559 155|525 290|620 222|654 155|620 221|528
370|493 438|525 370|559 303|525 438|620 370|654 303|620 369|528
518|493 586|525 518|559 451|525 586|620 518|654 451|620 517|528
666|493 734|525 666|559 599|525 734|620 666|654 599|620 665|528
814|493 882|525 814|559 747|525 882|620 814|654 747|620 813|528
74|657 142|689 74|723 7|689 142|784 74|818 7|784 73|692
222|657 290|689 222|723 155|689 290|784 222|818 155|784 221|692
370|657 438|689 370|723 303|689 438|784 370|818 303|784 369|692
518|657 586|689 518|723 451|689 586|784 518|818 451|784 517|692
666|657 734|689 666|723 599|689 734|784 666|818 599|784 665|692
814|657 882|689 814|723 747|689 882|784 814|818 747|784 813|692
74|821 142|853 74|887 7|853 142|948 74|982 7|948 73|856
222|821 290|853 222|887 155|853 290|948 222|982 155|948 221|856
370|821 438|853 370|887 303|853 438|948 370|982 303|948 369|856
518|821 586|853 518|887 451|853 586|948 518|982 451|948 517|856
666|821 734|853 666|887 599|853 734|948 666|982 599|948 665|856
814|821 882|853 814|887 747|853 882|948 814|982 747|948 813|856
74|985 142|1017 74|1051 7|1017 142|1112 74|1146 7|1112 73|1020
222|985 290|1017 222|1051 155|1017 290|1112 222|1146 155|1112 221|1020
370|985 438|1017 370|1051 303|1017 438|1112 370|1146 303|1112 369|1020
518|985 586|1017 518|1051 451|1017 586|1112 518|1146 451|1112 517|1020
666|985 734|1017 666|1051 599|1017 734|1112 666|1146 599|1112 665|1020
814|985 882|1017 814|1051 747|1017 882|1112 814|1146 747|1112 813|1020
74|1149 142|1181 74|1215 7|1181 142|1276 74|1310 7|1276 73|1184
222|1149 290|1181 222|1215 155|1181 290|1276 222|1310 155|1276 221|1184
370|1149 438|1181 370|1215 303|1181 438|1276 370|1310 303|1276 369|1184
518|1149 586|1181 518|1215 451|1181 586|1276 518|1310 451|1276 517|1184
666|1149 734|1181 666|1215 599|1181 734|1276 666|1310 599|1276 665|1184
814|1149 882|1181 814|1215 747|1181 882|1276 814|1310 747|1276 813|1184
74|1313 142|1345 74|1379 7|1345 142|1440 74|1474 7|1440 73|1348
222|1313 290|1345 222|1379 155|1345 290|1440 222|1474 155|1440 221|1348
370|1313 438|1345 370|1379 303|1345 438|1440 370|1474 303|1440 369|1348
518|1313 586|1345 518|1379 451|1345 586|1440 518|1474 451|1440 517|1348
666|1313 734|1345 666|1379 599|1345 734|1440 666|1474 599|1440 665|1348
814|1313 882|1345 814|1379 747|1345 882|1440 814|1474 747|1440 813|1348
74|1477 142|1509 74|1543 7|1509 142|1604 74|1638 7|1604 73|1512
222|1477 290|1509 222|1543 155|1509 290|1604 222|1638 155|1604 221|1512
370|1477 438|1509 370|1543 303|1509 438|1604 370|1638 303|1604 369|1512
518|1477 586|1509 518|1543 451|1509 586|1604 518|1638 451|1604 517|1512
666|1477 734|1509 666|1543 599|1509 734|1604 666|1638 599|1604 665|1512
814|1477 882|1509 814|1543 747|1509 882|1604 814|1638 747|1604 813|1512
74|1641 142|1673 74|1707 7|1673 142|1768 74|1802 7|1768 73|1676
222|1641 290|1673 222|1707 155|1673 290|1768 222|1802 155|1768 221|1676
370|1641 438|1673 370|1707 303|1673 438|1768 370|1802 303|1768 369|1676
518|1641 586|1673 518|1707 451|1673 586|1768 518|1802 451|1768 517|1676
666|1641 734|1673 666|1707 599|1673 734|1768 666|1802 599|1768 665|1676
814|1641 882|1673 814|1707 747|1673 882|1768 814|1802 747|1768 813|1676
74|1805 142|1837 74|1871 7|1837 142|1932 74|1966 7|1932 73|1840
222|1805 290|1837 222|1871 155|1837 290|1932 222|1966 155|1932 221|1840
370|1805 438|1837 370|1871 303|1837 438|1932 370|1966 303|1932 369|1840
518|1805 586|1837 518|1871 451|1837 586|1932 518|1966 451|1932 517|1840
666|1805 734|1837 666|1871 599|1837 734|1932 666|1966 599|1932 665|1840
814|1805 882|1837 814|1871 747|1837 882|1932 814|1966 747|1932 813|1840
74|1969 142|2001 74|2035 7|2001 142|2096 74|2130 7|2096 73|2004
222|1969 290|2001 222|2035 155|2001 290|2096 222|2130 155|2096 221|2004
370|1969 438|2001 370|2035 303|2001 438|2096 370|2130 303|2096 369|2004
518|1969 586|2001 518|2035 451|2001 586|2096 518|2130 451|2096 517|2004
666|1969 734|2001 666|2035 599|2001 734|2096 666|2130 599|2096 665|2004
814|1969 882|2001 814|2035 747|2001 882|2096 814|2130 747|2096 813|2004
74|2133 142|2165 74|2199 7|2165 142|2260 74|2294 7|2260 73|2168
222|2133 290|2165 222|2199 155|2165 290|2260 222|2294 155|2260 221|2168
370|2133 438|2165 370|2199 303|2165 438|2260 370|2294 303|2260 369|2168
518|2133 586|2165 518|2199 451|2165 586|2260 518|2294 451|2260 517|2168
666|2133 734|2165 666|2199 599|2165 734|2260 666|2294 599|2260 665|2168
814|2133 882|2165 814|2199 747|2165 882|2260 814|2294 747|2260 813|2168
74|2297 142|2329 74|2363 7|2329 142|2424 74|2458 7|2424 73|2332
222|2297 290|2329 222|2363 155|2329 290|2424 222|2458 155|2424 221|2332
370|2297 438|2329 370|2363 303|2329 438|2424 370|2458 303|2424 369|2332
518|2297 586|2329 518|2363 451|2329 586|2424 518|2458 451|2424 517|2332
666|2297 734|2329 666|2363 599|2329 734|2424 666|2458 599|2424 665|2332
814|2297 882|2329 814|2363 747|2329 882|2424 814|2458 747|2424 813|2332
